$ANSIBLE_VAULT;1.1;AES256
33613231623932613064306534393339363739626465623438356630363230333664366539343336
6432323235663731383266663031373537336461613366610a343731346136643061643237346239
34343239376133373761613165616564383365393861363734326566366166366165633134623266
6634323761623132320a396561336238636532636235343639306630336133616261313232343932
33303238343134613861343735323464326561303636323638666133623237363263376631363065
38366631383737663730626165613432346437396264613362393665376230653163353963613733
66333066373032373335316230366434633039363432393065656431646238663132366463303563
37393263666430303864396263613938663438376465623131616338313664626237663365646332
39313630633464326566653738383632383237633066346366653530313661306130323735303065
38323633316163643363303634313435623361653338323664303563316530336337376338323037
34356530343732356538623532396538646166383534313364353737346339303066333065353233
35646636613336663935613233306466383064373265353235653965613638336233356135323630
35383163656563626535343537353637393361393535343230306539313036613166
